196.727844953212
194.715958319619
192.745877738092
190.799824920719
188.830708827247
186.87830174512
184.909946268501
182.950340561745
180.972235942296
179.032642245903
177.077905860131
175.0983273811
173.154933664167
171.173613077525
169.201535992316
167.259585816917
165.276525252143
163.308557879411
161.348031463576
159.384831999777
157.434249605336
155.525626427513
153.483689928339
151.516445684946
149.544460164698
147.571847954599
145.584355638284
143.6237778128
141.612240904296
139.670495416549
137.696711026657
135.720193941004
133.741973287511
131.773829467994
129.797422873129
127.833052777414
125.862176422189
123.912264969662
121.919168088628
119.929410541339
117.948577777217
115.969158373758
113.987063404411
112.01396340073
110.048902989664
108.055294542858
106.092086533083
104.084278768075
102.130363540549
100.132143637638
98.1681316806403
96.177629971267
94.1937378970399
92.2549413814873
90.2475361852404
88.2554484451557
86.2367375003017
84.2564429742064
82.2777984032415
80.2950808580486
78.3018078756684
76.3282792258294
74.3422951838149
72.3572294210062
70.3714707713561
68.3872662250037
66.3875547613782
64.4287771424268
62.4015279045581
60.4136807749295
58.4219689870512
56.4446660185717
54.4043276875704
52.4009302743383
50.486630429797
48.4853656513295
46.5010099735435
44.509191103682
42.5318058308317
40.5573710756986
38.5594568720677
36.5555848729869
34.5714064062139
32.5750281872749
30.5905307171097
28.6025719313159
26.6361405980287
24.6233478742875
22.6240459413485
20.6494793718866
18.6769812432006
16.6738277211809
14.6782132846022
12.7017163085736
10.70121567158
8.73087162344406
6.78749560304007
4.74356598210736
2.76255070821909
0.780339856638566
-1.18575062375654
-3.17046744334706
-5.1628280156313
-7.14983922879079
-9.13157506838096
-11.1006743061602
-13.0726126168692
-15.0775584537825
-17.0632900769535
-18.9769525442309
-21.0127179403407
-22.9813869139027
-24.9554974172589
-26.9720452857433
-28.9377257301403
-30.9185474236696
-32.8976092994336
-34.8786305820693
-36.8641645519142
-38.8576471912625
-40.8162219518901
-42.7967126857039
-44.7978479687578
-46.7393964522606
-48.764713706945
-50.7429263809124
-52.7139827279518
-54.7115561975887
-56.6998130216458
-58.6741862668056
-60.6749878476853
-62.6475265312678
-64.6542225654925
-66.6288958187374
-68.622909849487
-70.6035362931965
-72.6192542351797
-74.5899801091884
-76.5862796454975
-78.5581322948031
-80.5709873151625
-82.5375179133074
-84.5282264071793
-86.5261301138934
-88.5231190830611
-90.4235562446124
-92.4608772437891
-94.4566185645605
-96.4642498718813
-98.440773329716
-100.419059652771
-102.436198685367
-104.402032157501
-106.385114119774
-108.378836216314
-110.341043095194
-112.338953118125
-114.323392078721
-116.269255715485
-118.276134054088
-120.298440093699
-122.224776563025
-124.213925776281
-126.204104435751
-128.181563429732
-130.138386343906
-132.117300991654
-134.084644621236
-136.059530130071
-138.056545457867
-140.013529442646
-141.989006754241
-143.974399968929
-145.941833657242
-147.906068703022
-149.86834318404
-151.850099155545
-153.800401631301
-155.76149633914
-157.734033393316
-159.683027756574
-161.655746848755
-163.606282690646
-165.568212536008
-167.547370584368
-169.497254346263
-171.472209318506
-173.424658613975
-175.392354936215
-177.370257384904
-179.317317849485
-181.275959722659
-183.228688956447
-185.19870027855
-187.159329325716
-189.123457580139
-191.091419888718
-193.067393737446
-195.016486597496
-196.97786428127
