40
39.597
39.195
38.793
38.39
37.988
37.585
37.183
36.781
36.378
35.976
35.574
35.171
34.769
34.367
33.964
33.562
33.16
32.757
32.355
31.953
31.55
31.148
30.746
30.343
29.941
29.539
29.136
28.734
28.332
27.929
27.527
27.125
26.722
26.32
25.918
25.515
25.113
24.711
24.308
23.906
23.504
23.101
22.699
22.297
21.894
21.492
21.09
20.687
20.285
19.883
19.48
19.078
18.676
18.273
17.871
17.469
17.066
16.664
16.262
15.859
15.457
15.055
14.652
14.25
13.848
13.445
13.043
12.641
12.238
11.836
11.434
11.031
10.629
10.227
9.824
9.422
9.02
8.617
8.215
7.813
7.41
7.008
6.606
6.203
5.801
5.399
4.996
4.594
4.192
3.789
3.387
2.985
2.582
2.18
1.778
1.375
0.973
0.571
0.168
-0.234
-0.636
-1.039
-1.441
-1.843
-2.246
-2.648
-3.05
-3.453
-3.855
-4.257
-4.66
-5.062
-5.464
-5.867
-6.269
-6.671
-7.074
-7.476
-7.878
-8.281
-8.683
-9.085
-9.488
-9.89
-10.292
-10.695
-11.097
-11.499
-11.902
-12.304
-12.707
-13.109
-13.511
-13.914
-14.316
-14.718
-15.121
-15.523
-15.925
-16.328
-16.73
-17.132
-17.535
-17.937
-18.339
-18.742
-19.144
-19.546
-19.949
-20.351
-20.753
-21.156
-21.558
-21.96
-22.363
-22.765
-23.167
-23.57
-23.972
-24.374
-24.777
-25.179
-25.581
-25.984
-26.386
-26.788
-27.191
-27.593
-27.995
-28.398
-28.8
-29.202
-29.605
-30.007
-30.409
-30.812
-31.214
-31.616
-32.019
-32.421
-32.823
-33.226
-33.628
-34.03
-34.433
-34.835
-35.237
-35.64
-36.042
-36.444
-36.847
-37.249
-37.651
-38.054
-38.456
-38.858
-39.261
-39.663
-40.065
