196.882855687817
194.921894942093
192.940005214177
190.963151955145
188.969076076918
186.988124912994
185.05012588289
183.007579808907
181.018905446428
179.051160611501
177.058375014114
175.061745253449
173.089175816334
171.078630050091
169.088223584131
167.091223513736
165.106048607306
163.082786543292
161.12319737397
159.133211730046
157.125504998175
155.144628542846
153.211467099911
151.144884722445
149.167341970103
147.175715765073
145.172460234211
143.200931082904
141.187179560065
139.198566052883
137.218973996271
135.232934500537
133.22457144956
131.27440901566
129.186396655414
127.270499812278
125.274716492321
123.244153099079
121.295678887458
119.290182963477
117.326492224518
115.335657567209
113.357839893936
111.368875609531
109.388064774174
107.357686725992
105.41973345882
103.437525023276
101.461052681333
99.4817864164198
97.499441799716
95.5290580533059
93.5535280154329
91.5707193066249
89.5928831004763
87.620035758952
85.6426649150494
83.6709328090025
81.6932556360745
79.7039219849779
77.7413738064876
75.7570787221577
73.7998925004685
71.8158835063919
69.8346635398596
67.8716852782996
65.9006658269385
63.9296239523287
61.9521390314301
59.9749729382317
58.0107371071269
56.0414097242469
54.0722263770034
52.0999112130653
50.1326098649567
48.1709527578195
46.1453998702967
44.2272531542994
42.2503519234372
40.279081681076
38.3076253615356
36.341964071592
34.3620137969527
32.4023439875729
30.432394643497
28.4549809286239
26.4849527689619
24.5263533300403
22.545042717404
20.5342618635158
18.6001969212171
16.618660653011
14.6418524615546
12.6609294563645
10.6916246349687
8.70377825948471
6.73623878060177
4.75179339435023
2.77671160053994
0.817592900812197
-1.17104612568847
-3.15476407951528
-5.13050011183725
-7.10846415422388
-9.10296179775979
-11.0807754695921
-13.0604666874102
-15.070606637286
-17.0038840927007
-18.9819594088143
-20.9753302945117
-22.9481474056312
-24.9315401784126
-26.9108539461392
-28.8977666738796
-30.859618298243
-32.8446304525087
-34.8221324403464
-36.8017504944851
-38.7680634701786
-40.7425063467449
-42.7282056342277
-44.6952466524291
-46.669131432652
-48.651686041112
-50.6164339649166
-52.5990562536682
-54.6154811452655
-56.5462770565177
-58.53787554923
-60.5037433613819
-62.4945686397384
-64.4490916045734
-66.4217366135322
-68.3902837512632
-70.3737537827774
-72.3321034919118
-74.3172238227299
-76.297494454738
-78.2422241557303
-80.2214283711847
-82.1895998134308
-84.1589209503585
-86.1273420158192
-88.0940146343269
-90.0691063137826
-92.0395896403635
-94.0069574722261
-95.9755113048477
-97.8856738878594
-99.9211139015275
-101.892927691903
-103.853605493059
-105.816550611967
-107.802018922009
-109.755502467225
-111.734687282011
-113.635213597958
-115.65429167106
-117.689488243219
-119.617827495863
-121.581155916916
-123.561260317195
-125.547222727464
-127.505234484635
-129.483183619969
-131.445336926151
-133.432059261127
-135.389836007694
-137.373670255487
-139.348248905475
-141.325056881176
-143.310618942364
-145.295394237182
-147.270442611648
-149.258904682312
-151.241017348071
-153.208895545801
-155.187066376377
-157.179564721558
-159.165619837315
-161.157778266817
-163.070649230406
-165.115490522435
-167.103952992116
-169.089504350544
-171.030142508729
-173.07521309546
-175.059680709212
-177.061223021466
-179.049869876407
-180.992086120742
-183.025495616776
-184.947155995711
-187.010302917804
-189.008871197092
-190.988754955677
-192.97869571528
-194.958086691222
-196.954631492926
